!File created by NanoVNA
# Hz S RI R 50
  10000000  0.998794304 -0.043098208  0.993938752 -0.049991724 0 0 0 0
  11983968  0.997300864 -0.051795752  0.992868992 -0.061609016 0 0 0 0
  13967936  0.996913408 -0.060545788  0.992784256 -0.073285816 0 0 0 0
  15951904  0.996482880 -0.069042480  0.991332608 -0.083887656 0 0 0 0
  17935872  0.995036736 -0.077394904  0.989900480 -0.094742264 0 0 0 0
  19919840  0.993702656 -0.086011776  0.988647040 -0.105423000 0 0 0 0
  21903808  0.992880192 -0.094134960  0.986463808 -0.115084008 0 0 0 0
  23887776  0.992391424 -0.102344320  0.985390976 -0.126003744 0 0 0 0
  25871743  0.990770880 -0.110901080  0.983831616 -0.136511184 0 0 0 0
  27855711  0.990845056 -0.119221416  0.982194304 -0.146159776 0 0 0 0
  29839679  0.989093184 -0.127272248  0.979865344 -0.157276032 0 0 0 0
  31823647  0.987182656 -0.136156016  0.977569984 -0.167377744 0 0 0 0
  33807615  0.985911808 -0.143745552  0.975931136 -0.176364032 0 0 0 0
  35791583  0.984498112 -0.151994192  0.973754048 -0.187054400 0 0 0 0
  37775551  0.983471040 -0.160916864  0.971839680 -0.196846688 0 0 0 0
  39759519  0.981307840 -0.168739648  0.968700928 -0.207097040 0 0 0 0
  41743487  0.979281280 -0.176709600  0.965529472 -0.216567600 0 0 0 0
  43727455  0.977219712 -0.184880288  0.962539712 -0.226047792 0 0 0 0
  45711423  0.976156800 -0.193696352  0.960323456 -0.236311984 0 0 0 0
  47695391  0.973890496 -0.201679040  0.958024832 -0.246192880 0 0 0 0
  49679359  0.972345728 -0.209995328  0.954710016 -0.255648496 0 0 0 0
  51663327  0.969458944 -0.217452016  0.951621248 -0.265384640 0 0 0 0
  53647295  0.967250816 -0.225583040  0.948646336 -0.274435136 0 0 0 0
  55631263  0.964933184 -0.233697728  0.945813504 -0.285129760 0 0 0 0
  57615230  0.963333696 -0.241990400  0.942024704 -0.293569504 0 0 0 0
  59599198  0.960397824 -0.249725696  0.938734464 -0.303585280 0 0 0 0
  61583166  0.957858624 -0.257987984  0.934663872 -0.312434112 0 0 0 0
  63567134  0.955566336 -0.265846336  0.931333760 -0.322498400 0 0 0 0
  65551102  0.952548928 -0.274376448  0.927680128 -0.331418848 0 0 0 0
  67535070  0.950748608 -0.282038688  0.924277760 -0.340458144 0 0 0 0
  69519038  0.947281792 -0.289440288  0.920326144 -0.349987392 0 0 0 0
  71503006  0.944380608 -0.296797728  0.916243584 -0.358832608 0 0 0 0
  73486974  0.941828736 -0.306133280  0.912006080 -0.368197760 0 0 0 0
  75470942  0.938092800 -0.314416704  0.908054976 -0.377794816 0 0 0 0
  77454910  0.935680576 -0.321286528  0.903794752 -0.386912704 0 0 0 0
  79438878  0.932127552 -0.329240896  0.899851904 -0.395589440 0 0 0 0
  81422846  0.929064320 -0.336688480  0.895459904 -0.403281504 0 0 0 0
  83406814  0.925699456 -0.344794464  0.890984256 -0.412760256 0 0 0 0
  85390782  0.922678656 -0.352017472  0.886471104 -0.421489984 0 0 0 0
  87374750  0.919125888 -0.359949024  0.881332864 -0.430239424 0 0 0 0
  89358717  0.915904512 -0.367713728  0.877310400 -0.438527072 0 0 0 0
  91342685  0.911536000 -0.375152800  0.872622656 -0.447989568 0 0 0 0
  93326653  0.908197696 -0.382633088  0.867543104 -0.456499712 0 0 0 0
  95310621  0.904251776 -0.390217088  0.862822144 -0.464259264 0 0 0 0
  97294589  0.899999552 -0.397236032  0.857652224 -0.472830720 0 0 0 0
  99278557  0.896971776 -0.405057792  0.852922304 -0.481189120 0 0 0 0
 101262525  0.894345536 -0.410837312  0.865387392 -0.519232992 0 0 0 0
 103246493  0.889451712 -0.417930656  0.858030848 -0.527844832 0 0 0 0
 105230461  0.885029120 -0.424852992  0.851400832 -0.535879360 0 0 0 0
 107214429  0.880917760 -0.432185312  0.845314688 -0.544112640 0 0 0 0
 109198397  0.877126976 -0.439728256  0.839097024 -0.552398080 0 0 0 0
 111182365  0.872556608 -0.446932768  0.831922624 -0.560481280 0 0 0 0
 113166333  0.868404032 -0.453774592  0.825898432 -0.568538496 0 0 0 0
 115150301  0.864244352 -0.461180896  0.819089920 -0.576727552 0 0 0 0
 117134269  0.859883712 -0.468063520  0.811549696 -0.584113792 0 0 0 0
 119118236  0.854482432 -0.474786208  0.805280704 -0.591826688 0 0 0 0
 121102204  0.850061568 -0.482050816  0.798452160 -0.599495744 0 0 0 0
 123086172  0.845615552 -0.488891968  0.791177024 -0.606590208 0 0 0 0
 125070140  0.841050944 -0.495795296  0.785165184 -0.614534912 0 0 0 0
 127054108  0.835820544 -0.502942144  0.777070656 -0.621830464 0 0 0 0
 129038076  0.831249600 -0.509594368  0.770054976 -0.628751872 0 0 0 0
 131022044  0.825725952 -0.516388960  0.762848768 -0.635964928 0 0 0 0
 133006012  0.821285376 -0.523401376  0.755596800 -0.642540352 0 0 0 0
 134989980  0.815792192 -0.529727936  0.748538496 -0.649738560 0 0 0 0
 136973948  0.810860608 -0.536096704  0.741219392 -0.656544896 0 0 0 0
 138957916  0.805329856 -0.542941824  0.733802112 -0.662839424 0 0 0 0
 140941884  0.800179712 -0.549693888  0.726785472 -0.670001408 0 0 0 0
 142925852  0.794333952 -0.555515456  0.719580032 -0.676100928 0 0 0 0
 144909820  0.789258944 -0.562582336  0.711820032 -0.682748992 0 0 0 0
 146893788  0.783238528 -0.568394880  0.704727616 -0.689093440 0 0 0 0
 148877756  0.777597056 -0.574730304  0.697383104 -0.695247744 0 0 0 0
 150861723  0.772559488 -0.581402944  0.689372928 -0.701559872 0 0 0 0
 152845691  0.766829696 -0.587511040  0.682968832 -0.707409792 0 0 0 0
 154829659  0.761192768 -0.593999296  0.674252672 -0.713220096 0 0 0 0
 156813627  0.755052672 -0.599782080  0.666697600 -0.719370112 0 0 0 0
 158797595  0.749218176 -0.605788736  0.659595968 -0.725353152 0 0 0 0
 160781563  0.743105216 -0.611732608  0.651439808 -0.731210432 0 0 0 0
 162765531  0.737397120 -0.618209344  0.643281472 -0.736763648 0 0 0 0
 164749499  0.730826368 -0.623734784  0.635383104 -0.741839936 0 0 0 0
 166733467  0.725335936 -0.629815360  0.628544064 -0.747362624 0 0 0 0
 168717435  0.718832896 -0.635402432  0.620181824 -0.752992384 0 0 0 0
 170701403  0.712432704 -0.641399744  0.612554496 -0.758042944 0 0 0 0
 172685371  0.705857664 -0.646477760  0.605202048 -0.763888512 0 0 0 0
 174669339  0.700358144 -0.652401536  0.597283584 -0.768241088 0 0 0 0
 176653307  0.693299840 -0.657453120  0.589145216 -0.773353728 0 0 0 0
 178637275  0.686843200 -0.663296640  0.581121152 -0.778439808 0 0 0 0
 180621242  0.680050880 -0.669213312  0.572747776 -0.783077312 0 0 0 0
 182605210  0.673468672 -0.674225024  0.566337408 -0.788422912 0 0 0 0
 184589178  0.666469888 -0.679363328  0.557239936 -0.793417664 0 0 0 0
 186573146  0.660293376 -0.684469440  0.549557760 -0.797596032 0 0 0 0
 188557114  0.653270336 -0.690034560  0.541590080 -0.802165824 0 0 0 0
 190541082  0.646524288 -0.695395328  0.533515936 -0.806900352 0 0 0 0
 192525050  0.639759616 -0.699823744  0.525708384 -0.811163520 0 0 0 0
 194509018  0.633139264 -0.705306880  0.518277280 -0.815640576 0 0 0 0
 196492986  0.626326976 -0.711326720  0.511242144 -0.820639744 0 0 0 0
 198476954  0.618715328 -0.714824896  0.502476448 -0.824327616 0 0 0 0
 200460922  0.611001344 -0.718837056  0.494277504 -0.827998272 0 0 0 0
 202444890  0.604310336 -0.724683392  0.485969184 -0.832811520 0 0 0 0
 204428858  0.596940608 -0.728999040  0.478078976 -0.836579008 0 0 0 0
 206412826  0.589437440 -0.733768512  0.470352096 -0.840974592 0 0 0 0
 208396794  0.581627200 -0.737889856  0.461771328 -0.844563072 0 0 0 0
 210380762  0.574807616 -0.742473664  0.454187808 -0.849144256 0 0 0 0
 212364729  0.566716736 -0.746230208  0.445971488 -0.852348736 0 0 0 0
 214348697  0.559217728 -0.751028032  0.438153184 -0.857161920 0 0 0 0
 216332665  0.550936064 -0.755038720  0.429399200 -0.860428672 0 0 0 0
 218316633  0.544058368 -0.759334848  0.421580896 -0.864229824 0 0 0 0
 220300601  0.536345408 -0.763249728  0.413347328 -0.867600704 0 0 0 0
 222284569  0.529047008 -0.767233024  0.405296064 -0.870803072 0 0 0 0
 224268537  0.521034656 -0.771126400  0.396885920 -0.874495040 0 0 0 0
 226252505  0.513511840 -0.774914176  0.389103232 -0.878877184 0 0 0 0
 228236473  0.505705248 -0.778504192  0.381434144 -0.882109888 0 0 0 0
 230220441  0.497263904 -0.782661504  0.372269408 -0.885875584 0 0 0 0
 232204409  0.488924960 -0.785386432  0.364263104 -0.888901312 0 0 0 0
 234188377  0.481600192 -0.789492160  0.356506784 -0.891733568 0 0 0 0
 236172345  0.472806784 -0.793218048  0.346989472 -0.895129344 0 0 0 0
 238156313  0.465267168 -0.795815872  0.338905696 -0.898781504 0 0 0 0
 240140281  0.456744000 -0.798832192  0.330963136 -0.901383936 0 0 0 0
 242124248  0.448670784 -0.801902528  0.322916928 -0.904931648 0 0 0 0
 244108216  0.441058848 -0.805415744  0.314494432 -0.907406208 0 0 0 0
 246092184  0.432168256 -0.808584832  0.306078624 -0.910900224 0 0 0 0
 248076152  0.424004992 -0.810595648  0.297574400 -0.913359616 0 0 0 0
 250060120  0.416065632 -0.813316224  0.289516320 -0.916254016 0 0 0 0
 252044088  0.407218624 -0.816376192  0.280857824 -0.918905216 0 0 0 0
 254028056  0.398732672 -0.819181568  0.272295936 -0.922163456 0 0 0 0
 256012024  0.390001600 -0.822109632  0.263997712 -0.925931264 0 0 0 0
 257995992  0.381569152 -0.824571200  0.255110528 -0.927876928 0 0 0 0
 259979960  0.373560256 -0.826342272  0.246817616 -0.930369472 0 0 0 0
 261963928  0.364978560 -0.828443456  0.238588656 -0.933066944 0 0 0 0
 263947896  0.356328704 -0.830958400  0.230311936 -0.933575616 0 0 0 0
 265931864  0.347750784 -0.832870976  0.221389808 -0.938055296 0 0 0 0
 267915832  0.338657408 -0.835281344  0.212297616 -0.939817600 0 0 0 0
 269899800  0.331106432 -0.836949824  0.204192608 -0.942825216 0 0 0 0
 271883768  0.321299616 -0.838744768  0.195219568 -0.944477312 0 0 0 0
 273867735  0.313124704 -0.841688960  0.186463584 -0.948247232 0 0 0 0
 275851703  0.304316096 -0.842787904  0.178161136 -0.950012096 0 0 0 0
 277835671  0.294688480 -0.844260480  0.168907184 -0.952243968 0 0 0 0
 279819639  0.286334208 -0.844667520  0.159550144 -0.954320000 0 0 0 0
 281803607  0.276504544 -0.846188864  0.150129088 -0.956880768 0 0 0 0
 283787575  0.268420720 -0.847201024  0.141647952 -0.958633024 0 0 0 0
 285771543  0.259575872 -0.847753792  0.132388864 -0.960458368 0 0 0 0
 287755511  0.250254000 -0.848469952  0.122973632 -0.961782336 0 0 0 0
 289739479  0.242115296 -0.850196416  0.114154760 -0.964108096 0 0 0 0
 291723447  0.232024096 -0.850742592  0.105017544 -0.965760448 0 0 0 0
 293707415  0.223384144 -0.851431808  0.096167360 -0.967874752 0 0 0 0
 295691383  0.214358800 -0.851853376  0.087031224 -0.969224064 0 0 0 0
 297675351  0.204708448 -0.852687296  0.076339616 -0.971232768 0 0 0 0
 299659319  0.196159856 -0.852628224  0.067959480 -0.972117952 0 0 0 0
 301643287  0.187306944 -0.852725376  0.058459100 -0.973308992 0 0 0 0
 303627255  0.178043120 -0.853377536  0.048924100 -0.974993600 0 0 0 0
 305611222  0.168931120 -0.853186176  0.039841996 -0.976875968 0 0 0 0
 307595190  0.159239392 -0.853537024  0.029866814 -0.978845184 0 0 0 0
 309579158  0.150486272 -0.853593856  0.020500470 -0.980225600 0 0 0 0
 311563126  0.141428128 -0.852527552  0.010047884 -0.980559744 0 0 0 0
 313547094  0.132302912 -0.851943296  0.000466166 -0.982318848 0 0 0 0
 315531062  0.122875904 -0.851331840 -0.009378353 -0.982908224 0 0 0 0
 317515030  0.114245520 -0.850340800 -0.018630934 -0.983074048 0 0 0 0
 319498998  0.104570672 -0.849182848 -0.029149274 -0.983359808 0 0 0 0
 321482966  0.096014856 -0.848190336 -0.038455140 -0.983739008 0 0 0 0
 323466934  0.086585040 -0.847658304 -0.049648376 -0.983218176 0 0 0 0
 325450902  0.078557080 -0.847494976 -0.057752776 -0.985398528 0 0 0 0
 327434870  0.069002992 -0.845986368 -0.068278072 -0.985022784 0 0 0 0
 329418838  0.059980864 -0.844314880 -0.077694776 -0.985946304 0 0 0 0
 331402806  0.051229300 -0.843351360 -0.088505328 -0.984912832 0 0 0 0
 333386774  0.041748068 -0.842101952 -0.097184856 -0.985541184 0 0 0 0
 335370741  0.032221012 -0.840073920 -0.108423760 -0.986419840 0 0 0 0
 337354709  0.022593112 -0.838822016 -0.118380688 -0.986470016 0 0 0 0
 339338677  0.014019463 -0.836895424 -0.128698248 -0.986097344 0 0 0 0
 341322645  0.004809610 -0.834637632 -0.138772000 -0.985981504 0 0 0 0
 343306613 -0.003709489 -0.831495360 -0.148732608 -0.985615040 0 0 0 0
 345290581 -0.013323250 -0.828656192 -0.161584320 -0.984057600 0 0 0 0
 347274549 -0.021387464 -0.827143936 -0.170826528 -0.983727232 0 0 0 0
 349258517 -0.029780254 -0.824362432 -0.180226352 -0.983024064 0 0 0 0
 351242485 -0.038646516 -0.821676992 -0.191702240 -0.981184256 0 0 0 0
 353226453 -0.047259640 -0.819304256 -0.201885248 -0.979819520 0 0 0 0
 355210421 -0.055878392 -0.816035456 -0.211779904 -0.977910400 0 0 0 0
 357194389 -0.064309084 -0.814300544 -0.222031488 -0.976991936 0 0 0 0
 359178357 -0.073142248 -0.811559744 -0.232031024 -0.976135104 0 0 0 0
 361162325 -0.081201552 -0.808524672 -0.241968912 -0.974431488 0 0 0 0
 363146293 -0.089488488 -0.806110080 -0.252238272 -0.972744896 0 0 0 0
 365130261 -0.098307040 -0.803371520 -0.261938368 -0.971166592 0 0 0 0
 367114228 -0.107188384 -0.800225344 -0.273029056 -0.969917696 0 0 0 0
 369098196 -0.115603008 -0.796876480 -0.282239584 -0.968744768 0 0 0 0
 371082164 -0.124728560 -0.793846336 -0.293671456 -0.966804480 0 0 0 0
 373066132 -0.133033720 -0.790644864 -0.303691136 -0.964536576 0 0 0 0
 375050100 -0.141410320 -0.786769472 -0.314142048 -0.962381376 0 0 0 0
 377034068 -0.150725248 -0.783508160 -0.325124160 -0.960753088 0 0 0 0
 379018036 -0.158884832 -0.779878208 -0.334150560 -0.958915328 0 0 0 0
 381002004 -0.168057472 -0.776762176 -0.346104384 -0.955860672 0 0 0 0
 382985972 -0.176312816 -0.772299776 -0.355694432 -0.954041088 0 0 0 0
 384969940 -0.185809024 -0.768638272 -0.366987712 -0.951635840 0 0 0 0
 386953908 -0.194426752 -0.764776320 -0.377793120 -0.948900480 0 0 0 0
 388937876 -0.203414080 -0.759958656 -0.388202912 -0.947269632 0 0 0 0
 390921844 -0.212818368 -0.755350400 -0.399150080 -0.944409280 0 0 0 0
 392905812 -0.221164576 -0.750815360 -0.409850528 -0.941773824 0 0 0 0
 394889780 -0.230653104 -0.746341120 -0.421246080 -0.938224512 0 0 0 0
 396873747 -0.239364720 -0.741056064 -0.432725376 -0.934818048 0 0 0 0
 398857715 -0.247870768 -0.735385856 -0.443130432 -0.932732032 0 0 0 0
 400841683 -0.257865552 -0.730219136 -0.455198880 -0.928364544 0 0 0 0
 402825651 -0.266108272 -0.724280064 -0.467516064 -0.925594112 0 0 0 0
 404809619 -0.274714304 -0.717801600 -0.479306016 -0.920937856 0 0 0 0
 406793587 -0.282873184 -0.711933696 -0.490777248 -0.917169472 0 0 0 0
 408777555 -0.290921440 -0.705128960 -0.501021152 -0.912405824 0 0 0 0
 410761523 -0.299698720 -0.698067904 -0.514333184 -0.906701568 0 0 0 0
 412745491 -0.307087072 -0.691466432 -0.524981856 -0.902257856 0 0 0 0
 414729459 -0.314986656 -0.685140544 -0.536604704 -0.896496256 0 0 0 0
 416713427 -0.322729856 -0.677800768 -0.547196800 -0.890334656 0 0 0 0
 418697395 -0.329803072 -0.670977728 -0.558758528 -0.885403712 0 0 0 0
 420681363 -0.336950848 -0.664006848 -0.569766592 -0.879538240 0 0 0 0
 422665331 -0.344200032 -0.656656192 -0.579648704 -0.873748800 0 0 0 0
 424649299 -0.351252928 -0.650075584 -0.591177920 -0.868068544 0 0 0 0
 426633267 -0.358108864 -0.642982528 -0.601631040 -0.861487360 0 0 0 0
 428617234 -0.365724768 -0.635384768 -0.612433664 -0.855053632 0 0 0 0
 430601202 -0.371938272 -0.628001408 -0.623731328 -0.848474944 0 0 0 0
 432585170 -0.379413568 -0.619767360 -0.634461312 -0.842017024 0 0 0 0
 434569138 -0.386401376 -0.611698048 -0.645641984 -0.834113664 0 0 0 0
 436553106 -0.392964928 -0.604284480 -0.656340032 -0.828067584 0 0 0 0
 438537074 -0.399003968 -0.596965760 -0.666632320 -0.819575232 0 0 0 0
 440521042 -0.405198976 -0.588335552 -0.677940160 -0.811798784 0 0 0 0
 442505010 -0.411970880 -0.579937984 -0.688713152 -0.803904512 0 0 0 0
 444488978 -0.417118656 -0.572196928 -0.697660480 -0.796899904 0 0 0 0
 446472946 -0.423282656 -0.563571520 -0.708470336 -0.788893312 0 0 0 0
 448456914 -0.429862816 -0.554989440 -0.719225920 -0.779440384 0 0 0 0
 450440882 -0.435029568 -0.547131584 -0.728232576 -0.771830336 0 0 0 0
 452424850 -0.440588384 -0.537926656 -0.738801152 -0.762558656 0 0 0 0
 454408818 -0.445966976 -0.529620096 -0.748730496 -0.754842240 0 0 0 0
 456392786 -0.451782688 -0.521413152 -0.758026944 -0.745281344 0 0 0 0
 458376754 -0.456478528 -0.512322080 -0.767150912 -0.736164224 0 0 0 0
 460360721 -0.461794656 -0.503013120 -0.777841152 -0.725928896 0 0 0 0
 462344689 -0.467016416 -0.494494464 -0.786791296 -0.717884224 0 0 0 0
 464328657 -0.471910880 -0.484610048 -0.796484224 -0.707256512 0 0 0 0
 466312625 -0.475980512 -0.475631616 -0.805624832 -0.697454848 0 0 0 0
 468296593 -0.481001760 -0.466429696 -0.814328576 -0.688171136 0 0 0 0
 470280561 -0.485662560 -0.457376064 -0.824291520 -0.676744448 0 0 0 0
 472264529 -0.490000160 -0.448090432 -0.832693312 -0.666929792 0 0 0 0
 474248497 -0.493837792 -0.438420768 -0.841369920 -0.656128064 0 0 0 0
 476232465 -0.497883936 -0.428960288 -0.849761152 -0.645799424 0 0 0 0
 478216433 -0.502187552 -0.418200992 -0.858588224 -0.634149376 0 0 0 0
 480200401 -0.505237760 -0.409071584 -0.866709824 -0.623523200 0 0 0 0
 482184369 -0.509168096 -0.398476224 -0.875406016 -0.612083264 0 0 0 0
 484168337 -0.512757600 -0.388619648 -0.882806336 -0.600718656 0 0 0 0
 486152305 -0.515675488 -0.378972736 -0.890562880 -0.589252416 0 0 0 0
 488136273 -0.518575072 -0.368300992 -0.897862400 -0.575947776 0 0 0 0
 490120240 -0.521088672 -0.357898464 -0.905316416 -0.564633920 0 0 0 0
 492104208 -0.523793696 -0.348228640 -0.913123520 -0.552755520 0 0 0 0
 494088176 -0.525965824 -0.337871904 -0.919045568 -0.540422912 0 0 0 0
 496072144 -0.528364832 -0.327426208 -0.926218560 -0.527805504 0 0 0 0
 498056112 -0.530357120 -0.316904352 -0.932969664 -0.515339136 0 0 0 0
 500040080 -0.532603392 -0.306809056 -0.939166144 -0.503584800 0 0 0 0
 502024048 -0.533914880 -0.296553024 -0.944589824 -0.488808928 0 0 0 0
 504008016 -0.534965760 -0.286159680 -0.950874752 -0.476973248 0 0 0 0
 505991984 -0.536684928 -0.274973408 -0.956457088 -0.463060320 0 0 0 0
 507975952 -0.537573376 -0.265214416 -0.960754368 -0.450349952 0 0 0 0
 509959920 -0.538528128 -0.254600224 -0.966527936 -0.436335648 0 0 0 0
 511943888 -0.539054976 -0.243893712 -0.971418816 -0.424291040 0 0 0 0
 513927856 -0.539577792 -0.233278640 -0.976269504 -0.410089728 0 0 0 0
 515911824 -0.540127744 -0.222272112 -0.980143232 -0.395852576 0 0 0 0
 517895792 -0.539991168 -0.211107696 -0.984315520 -0.381548512 0 0 0 0
 519879760 -0.539065536 -0.200956128 -0.988061312 -0.367878592 0 0 0 0
 521863727 -0.538462080 -0.190858752 -0.990764224 -0.354618528 0 0 0 0
 523847695 -0.537651200 -0.180558448 -0.994591424 -0.339774752 0 0 0 0
 525831663 -0.536085920 -0.170878048 -0.996770240 -0.327657088 0 0 0 0
 527815631 -0.535603040 -0.160614096 -0.998613696 -0.311920128 0 0 0 0
 529799599 -0.533810016 -0.151237824 -1.000433326 -0.300012224 0 0 0 0
 531783567 -0.532876960 -0.140989488 -1.002552271 -0.285257792 0 0 0 0
 533767535 -0.531559232 -0.132224384 -1.005142331 -0.272539776 0 0 0 0
 535751503 -0.529919456 -0.121924600 -1.006177664 -0.258967872 0 0 0 0
 537735471 -0.527985760 -0.112800768 -1.006759167 -0.245818320 0 0 0 0
 539719439 -0.526807008 -0.104028184 -1.008524895 -0.233890592 0 0 0 0
 541703407 -0.525368096 -0.094243240 -1.009251357 -0.218970944 0 0 0 0
 543687375 -0.523763424 -0.084683456 -1.010079384 -0.205480992 0 0 0 0
 545671343 -0.522275680 -0.075474728 -1.011895657 -0.194287200 0 0 0 0
 547655311 -0.519937760 -0.065445832 -1.012300969 -0.179886656 0 0 0 0
 549639279 -0.517658112 -0.056035376 -1.011747718 -0.165168144 0 0 0 0
 551623246 -0.515588832 -0.047375976 -1.011984349 -0.154914288 0 0 0 0
 553607214 -0.513410144 -0.037478180 -1.012444497 -0.139287024 0 0 0 0
 555591182 -0.510925664 -0.028111360 -1.011506558 -0.127348904 0 0 0 0
 557575150 -0.508310432 -0.018650272 -1.012216926 -0.114361512 0 0 0 0
 559559118 -0.505524864 -0.008524496 -1.011263848 -0.100784048 0 0 0 0
 561543086 -0.502525856  0.001390964 -1.010854245 -0.086475640 0 0 0 0
 563527054 -0.499486752  0.010286759 -1.010035158 -0.074214848 0 0 0 0
 565511022 -0.495881952  0.020590898 -1.008856059 -0.060685888 0 0 0 0
 567494990 -0.491961792  0.029515354 -1.007236719 -0.048510576 0 0 0 0
 569478958 -0.487811680  0.039392520 -1.006228686 -0.034906684 0 0 0 0
 571462926 -0.483066368  0.049710192 -1.004339099 -0.020039754 0 0 0 0
 573446894 -0.478182432  0.057620516 -1.000679851 -0.007757167 0 0 0 0
 575430862 -0.472806688  0.065572360 -0.998136000  0.004088000 0 0 0 0
 577414830 -0.468466848  0.073670952 -0.994851520  0.017258482 0 0 0 0
 579398798 -0.463952800  0.081422032 -0.991987008  0.029188570 0 0 0 0
 581382766 -0.459696288  0.089070384 -0.988532992  0.040630048 0 0 0 0
 583366733 -0.456162400  0.096409288 -0.986256512  0.051897544 0 0 0 0
 585350701 -0.451973888  0.105171728 -0.982784320  0.065502144 0 0 0 0
 587334669 -0.448246752  0.113588672 -0.981494912  0.076365528 0 0 0 0
 589318637 -0.444110176  0.121963560 -0.978531904  0.087925664 0 0 0 0
 591302605 -0.439804704  0.129627032 -0.975157376  0.099369992 0 0 0 0
 593286573 -0.435536672  0.139271600 -0.972190400  0.111461280 0 0 0 0
 595270541 -0.431684992  0.147621472 -0.970313856  0.122228560 0 0 0 0
 597254509 -0.426891872  0.157173968 -0.966463104  0.135162048 0 0 0 0
 599238477 -0.421738528  0.166666880 -0.964348224  0.147353936 0 0 0 0
 601222445 -0.415940896  0.176321648 -0.959826560  0.160341936 0 0 0 0
 603206413 -0.409795840  0.185973712 -0.956684800  0.173240736 0 0 0 0
 605190381 -0.403175744  0.195675456 -0.952071936  0.186383328 0 0 0 0
 607174349 -0.396109600  0.204971664 -0.947305856  0.199494736 0 0 0 0
 609158317 -0.388388736  0.213732944 -0.942400064  0.211231040 0 0 0 0
 611142285 -0.380028288  0.222668992 -0.936114048  0.224257760 0 0 0 0
 613126253 -0.372093056  0.224738016 -0.929347712  0.236177584 0 0 0 0
 615110220 -0.363334112  0.233008032 -0.923855360  0.249110656 0 0 0 0
 617094188 -0.355070560  0.240031936 -0.916696640  0.260095008 0 0 0 0
 619078156 -0.345971584  0.247424160 -0.909393408  0.271736640 0 0 0 0
 621062124 -0.336948128  0.253739776 -0.902138240  0.282531168 0 0 0 0
 623046092 -0.327531232  0.260837264 -0.894824576  0.294003936 0 0 0 0
 625030060 -0.318647680  0.266545856 -0.887488704  0.303525920 0 0 0 0
 627014028 -0.309914240  0.271904928 -0.879832512  0.314390816 0 0 0 0
 628997996 -0.300878848  0.277810432 -0.873057216  0.323542176 0 0 0 0
 630981964 -0.291858688  0.282929088 -0.864532416  0.333991488 0 0 0 0
 632965932 -0.282733120  0.288189792 -0.857247744  0.342976928 0 0 0 0
 634949900 -0.274027136  0.293056384 -0.850631808  0.351879648 0 0 0 0
 636933868 -0.264876160  0.298070912 -0.841826944  0.362714880 0 0 0 0
 638917836 -0.255326096  0.302741568 -0.834501056  0.370690272 0 0 0 0
 640901804 -0.246496832  0.306802784 -0.825774784  0.380942080 0 0 0 0
 642885772 -0.237472928  0.311078624 -0.818955392  0.388151264 0 0 0 0
 644869739 -0.228150320  0.315110816 -0.810540224  0.396995904 0 0 0 0
 646853707 -0.219116000  0.319452640 -0.802548480  0.406505376 0 0 0 0
 648837675 -0.210050176  0.323314688 -0.794681536  0.414828800 0 0 0 0
 650821643 -0.200568752  0.327055488 -0.786663744  0.422168032 0 0 0 0
 652805611 -0.191027184  0.331063808 -0.778692416  0.430495648 0 0 0 0
 654789579 -0.180419728  0.334418848 -0.769798336  0.439255136 0 0 0 0
 656773547 -0.170809632  0.337577120 -0.760720896  0.447448864 0 0 0 0
 658757515 -0.160512384  0.340469792 -0.751942912  0.455424192 0 0 0 0
 660741483 -0.149967856  0.342991680 -0.742771328  0.462654912 0 0 0 0
 662725451 -0.140066800  0.345368672 -0.733860352  0.469790784 0 0 0 0
 664709419 -0.129359024  0.347335584 -0.724237184  0.477921280 0 0 0 0
 666693387 -0.119170936  0.349007552 -0.715313728  0.484358880 0 0 0 0
 668677355 -0.108849848  0.350222752 -0.707291520  0.490494336 0 0 0 0
 670661323 -0.097539080  0.351235648 -0.694771520  0.499164416 0 0 0 0
 672645291 -0.087259496  0.351242208 -0.686312960  0.503826912 0 0 0 0
 674629259 -0.076422304  0.351689568 -0.674905984  0.510242528 0 0 0 0
 676613226 -0.066100844  0.350846080 -0.665206080  0.515866528 0 0 0 0
 678597194 -0.055963044  0.349939680 -0.656550976  0.520051712 0 0 0 0
 680581162 -0.045888260  0.348408832 -0.645570944  0.525664640 0 0 0 0
 682565130 -0.035730976  0.346713408 -0.635314496  0.530509536 0 0 0 0
 684549098 -0.026637392  0.344404160 -0.625978816  0.534520992 0 0 0 0
 686533066 -0.018461074  0.342408128 -0.616491584  0.537187264 0 0 0 0
 688517034 -0.009068573  0.339564512 -0.607296320  0.541243264 0 0 0 0
 690501002 -0.001168681  0.337363104 -0.596366144  0.545727040 0 0 0 0
 692484970  0.006664305  0.334810464 -0.588705792  0.547743680 0 0 0 0
 694468938  0.015025143  0.331871040 -0.578782912  0.551827456 0 0 0 0
 696452906  0.022748666  0.329629792 -0.569850112  0.554383104 0 0 0 0
 698436874  0.030469906  0.326586912 -0.561187264  0.557898112 0 0 0 0
 700420842  0.037774400  0.323858720 -0.552387712  0.559979520 0 0 0 0
 702404810  0.044980856  0.320512352 -0.542806976  0.562992384 0 0 0 0
 704388778  0.051388372  0.317050144 -0.534155776  0.564856896 0 0 0 0
 706372745  0.057622464  0.313671136 -0.525930112  0.566628544 0 0 0 0
 708356713  0.064077096  0.309720224 -0.517023328  0.568460800 0 0 0 0
 710340681  0.069411904  0.306500544 -0.508135808  0.571096256 0 0 0 0
 712324649  0.074914864  0.302835456 -0.501788544  0.572424256 0 0 0 0
 714308617  0.079681248  0.299946080 -0.494003904  0.573485440 0 0 0 0
 716292585  0.084539240  0.296247648 -0.486375680  0.575523136 0 0 0 0
 718276553  0.089009416  0.292878912 -0.478699232  0.577044672 0 0 0 0
 720260521  0.092433656  0.290813312 -0.471673184  0.578346368 0 0 0 0
 722244489  0.096077856  0.288190976 -0.465916832  0.579499648 0 0 0 0
 724228457  0.099868640  0.285890080 -0.459662048  0.580725376 0 0 0 0
 726212425  0.102728200  0.284918624 -0.453409568  0.583328576 0 0 0 0
 728196393  0.105585224  0.284092992 -0.446935776  0.585419520 0 0 0 0
 730180361  0.109764856  0.284222112 -0.441397024  0.587753024 0 0 0 0
 732164329  0.114226152  0.284444736 -0.435884256  0.590486016 0 0 0 0
 734148297  0.118938712  0.284927168 -0.428434112  0.594495040 0 0 0 0
 736132265  0.124070000  0.284920096 -0.422004000  0.597170944 0 0 0 0
 738116232  0.130146192  0.285119392 -0.415835392  0.600299584 0 0 0 0
 740100200  0.135794464  0.285584256 -0.408264864  0.603211392 0 0 0 0
 742084168  0.142270848  0.284754464 -0.400767104  0.606731072 0 0 0 0
 744068136  0.148455968  0.284406784 -0.392807616  0.609469440 0 0 0 0
 746052104  0.155071248  0.283608032 -0.386285472  0.611925568 0 0 0 0
 748036072  0.161834544  0.282433184 -0.377590816  0.615316864 0 0 0 0
 750020040  0.168698656  0.281587296 -0.369307680  0.618180608 0 0 0 0
 752004008  0.175804608  0.279680352 -0.362496224  0.619916224 0 0 0 0
 753987976  0.182899056  0.278208352 -0.352825024  0.622583552 0 0 0 0
 755971944  0.189843600  0.275778816 -0.344706144  0.616105984 0 0 0 0
 757955912  0.195936032  0.274470048 -0.339177344  0.626228608 0 0 0 0
 759939880  0.203120224  0.271969184 -0.328984544  0.628375616 0 0 0 0
 761923848  0.209964928  0.269694592 -0.321743200  0.629926784 0 0 0 0
 763907816  0.217062912  0.267061824 -0.312562944  0.631788864 0 0 0 0
 765891784  0.223613984  0.264371968 -0.304828224  0.632907136 0 0 0 0
 767875752  0.230917424  0.260679776 -0.295283072  0.634114176 0 0 0 0
 769859719  0.237256064  0.257921072 -0.287517344  0.635111872 0 0 0 0
 771843687  0.244295136  0.253520464 -0.278354208  0.636390976 0 0 0 0
 773827655  0.250122048  0.250536384 -0.270644288  0.636862848 0 0 0 0
 775811623  0.256245904  0.246778464 -0.262611216  0.637251712 0 0 0 0
 777795591  0.262307104  0.242598096 -0.254657568  0.638625536 0 0 0 0
 779779559  0.267694800  0.239391520 -0.247283088  0.637674112 0 0 0 0
 781763527  0.273638400  0.235339664 -0.238660144  0.639059776 0 0 0 0
 783747495  0.279591328  0.232321360 -0.229985936  0.639700288 0 0 0 0
 785731463  0.285898432  0.229576960 -0.222233728  0.640438080 0 0 0 0
 787715431  0.291865952  0.225162480 -0.213990304  0.640703168 0 0 0 0
 789699399  0.298670976  0.221844160 -0.205914064  0.641234688 0 0 0 0
 791683367  0.305251008  0.217694752 -0.197744672  0.641176640 0 0 0 0
 793667335  0.311983264  0.213402416 -0.187652688  0.640856704 0 0 0 0
 795651303  0.318997696  0.208830720 -0.179671200  0.641263936 0 0 0 0
 797635271  0.325630144  0.204128000 -0.171743904  0.640681536 0 0 0 0
 799619238  0.331519776  0.198270496 -0.162059840  0.639424768 0 0 0 0
 801603206  0.337719264  0.192790736 -0.153663360  0.638458240 0 0 0 0
 803587174  0.343479264  0.187308832 -0.145858400  0.636426880 0 0 0 0
 805571142  0.349768256  0.180787968 -0.136200240  0.635538304 0 0 0 0
 807555110  0.355528192  0.175435264 -0.127328040  0.633879168 0 0 0 0
 809539078  0.361282816  0.168786656 -0.119304008  0.632226752 0 0 0 0
 811523046  0.366627136  0.162384896 -0.110839368  0.630193600 0 0 0 0
 813507014  0.371480800  0.156749808 -0.103492152  0.628088320 0 0 0 0
 815490982  0.376124704  0.150384512 -0.095817776  0.625903808 0 0 0 0
 817474950  0.381327872  0.144029408 -0.086368528  0.623925568 0 0 0 0
 819458918  0.386727264  0.137719520 -0.079912680  0.621878592 0 0 0 0
 821442886  0.392018976  0.130909336 -0.070743632  0.619727360 0 0 0 0
 823426854  0.397386208  0.124068712 -0.062440504  0.617259136 0 0 0 0
 825410822  0.402564224  0.117402752 -0.054468808  0.615344000 0 0 0 0
 827394790  0.407457184  0.109772088 -0.046440188  0.611952128 0 0 0 0
 829378758  0.412736480  0.102170944 -0.037823844  0.608861120 0 0 0 0
 831362725  0.418249824  0.094275392 -0.030193320  0.605933376 0 0 0 0
 833346693  0.422632416  0.085907424 -0.021637342  0.601596864 0 0 0 0
 835330661  0.427346336  0.076467160 -0.013597982  0.597847936 0 0 0 0
 837314629  0.431413472  0.067005664 -0.004865386  0.593511808 0 0 0 0
 839298597  0.435064864  0.057719544  0.001519241  0.588621824 0 0 0 0
 841282565  0.438547008  0.047863340  0.010387096  0.583765440 0 0 0 0
 843266533  0.441807360  0.037497592  0.017788450  0.578492352 0 0 0 0
 845250501  0.444358304  0.026775618  0.024978946  0.572984384 0 0 0 0
 847234469  0.446183328  0.016731959  0.032115124  0.566649472 0 0 0 0
 849218437  0.448139904  0.005588541  0.039133224  0.560683264 0 0 0 0
 851202405  0.448818304 -0.005597170  0.045133168  0.554459648 0 0 0 0
 853186373  0.449179456 -0.016110799  0.050647740  0.547857472 0 0 0 0
 855170341  0.448901920 -0.027603068  0.056253880  0.541320128 0 0 0 0
 857154309  0.448272064 -0.038173416  0.061328724  0.534402848 0 0 0 0
 859138277  0.447810176 -0.049568216  0.067329672  0.527515456 0 0 0 0
 861122244  0.446136608 -0.059785572  0.070603616  0.521259552 0 0 0 0
 863106212  0.443993248 -0.070740984  0.075319208  0.513501888 0 0 0 0
 865090180  0.441282688 -0.081880976  0.078684256  0.506469184 0 0 0 0
 867074148  0.438273728 -0.092588280  0.081425480  0.499332800 0 0 0 0
 869058116  0.434513984 -0.103350680  0.085193608  0.492303712 0 0 0 0
 871042084  0.429798816 -0.113912480  0.087214792  0.484405888 0 0 0 0
 873026052  0.424974560 -0.123699128  0.089573544  0.477873696 0 0 0 0
 875010020  0.419514240 -0.134087208  0.091450744  0.470420608 0 0 0 0
 876993988  0.413013568 -0.143915456  0.092887160  0.463149280 0 0 0 0
 878977956  0.406320992 -0.153499152  0.093965720  0.456144288 0 0 0 0
 880961924  0.399067680 -0.162495824  0.093410680  0.448886560 0 0 0 0
 882945892  0.389862688 -0.171856080  0.093660416  0.441707584 0 0 0 0
 884929860  0.381692288 -0.179240160  0.092025328  0.435685248 0 0 0 0
 886913828  0.371231232 -0.187198304  0.091039720  0.428915840 0 0 0 0
 888897796  0.360852608 -0.194099424  0.088994296  0.422642656 0 0 0 0
 890881764  0.348767104 -0.199241264  0.085974912  0.417023008 0 0 0 0
 892865731  0.336416768 -0.203613328  0.082083840  0.412241600 0 0 0 0
 894849699  0.323178080 -0.206840736  0.078950424  0.407784256 0 0 0 0
 896833667  0.310596512 -0.207198464  0.073348640  0.404687680 0 0 0 0
 898817635  0.297954272 -0.206915888  0.068421040  0.402943328 0 0 0 0
 900801603  0.285005056 -0.204771360  0.064118872  0.401566016 0 0 0 0
 902785571  0.273372992 -0.200653456  0.059465912  0.402001344 0 0 0 0
 904769539  0.262417936 -0.194753968  0.054983780  0.402650944 0 0 0 0
 906753507  0.252486192 -0.187843232  0.050628312  0.404773152 0 0 0 0
 908737475  0.243704384 -0.180020016  0.046818628  0.407665344 0 0 0 0
 910721443  0.235888896 -0.170811216  0.044265508  0.411157504 0 0 0 0
 912705411  0.229674384 -0.159855232  0.040620432  0.415781632 0 0 0 0
 914689379  0.225463424 -0.148364240  0.039497448  0.421478432 0 0 0 0
 916673347  0.223681072 -0.136078160  0.040554336  0.427727136 0 0 0 0
 918657315  0.224215488 -0.123978080  0.040211540  0.435132576 0 0 0 0
 920641283  0.227160576 -0.111461552  0.043414832  0.441463168 0 0 0 0
 922625251  0.231949328 -0.099718416  0.046334792  0.448821280 0 0 0 0
 924609218  0.239325312 -0.088989808  0.051186128  0.455729088 0 0 0 0
 926593186  0.248216288 -0.079430064  0.057829128  0.462039904 0 0 0 0
 928577154  0.258931344 -0.072265632  0.065904244  0.467411520 0 0 0 0
 930561122  0.270706528 -0.066716680  0.074725040  0.472011712 0 0 0 0
 932545090  0.283109728 -0.063018360  0.084112336  0.475406880 0 0 0 0
 934529058  0.296081696 -0.061396268  0.093378408  0.477911296 0 0 0 0
 936513026  0.309417440 -0.061593228  0.104367320  0.478984192 0 0 0 0
 938496994  0.322012960 -0.064240972  0.114791816  0.479274176 0 0 0 0
 940480962  0.334339200 -0.067771456  0.125082288  0.477941824 0 0 0 0
 942464930  0.346314816 -0.072762728  0.135154112  0.476480544 0 0 0 0
 944448898  0.357374368 -0.079838680  0.146067904  0.473258560 0 0 0 0
 946432866  0.367613120 -0.087142904  0.155999936  0.469569696 0 0 0 0
 948416834  0.376870112 -0.096188672  0.165735216  0.464869728 0 0 0 0
 950400802  0.385561568 -0.105311912  0.175002912  0.459355264 0 0 0 0
 952384770  0.393378528 -0.115785440  0.183323424  0.454031328 0 0 0 0
 954368737  0.400054144 -0.126695064  0.191375344  0.447475136 0 0 0 0
 956352705  0.405927776 -0.138345024  0.198982416  0.441271648 0 0 0 0
 958336673  0.410989344 -0.150164608  0.205656096  0.433769408 0 0 0 0
 960320641  0.415711200 -0.162049392  0.211908512  0.427272480 0 0 0 0
 962304609  0.418396032 -0.175242992  0.218606960  0.418710784 0 0 0 0
 964288577  0.420912896 -0.188488768  0.223905520  0.410872704 0 0 0 0
 966272545  0.422125440 -0.201434752  0.229941360  0.402148128 0 0 0 0
 968256513  0.422486240 -0.213962480  0.232286048  0.394545600 0 0 0 0
 970240481  0.422357056 -0.226762944  0.236747104  0.385177152 0 0 0 0
 972224449  0.421237696 -0.241070896  0.240557040  0.376642720 0 0 0 0
 974208417  0.419167776 -0.253733904  0.243039328  0.368304288 0 0 0 0
 976192385  0.415878720 -0.267197200  0.245715648  0.359331648 0 0 0 0
 978176353  0.412196960 -0.279979776  0.247208656  0.351315360 0 0 0 0
 980160321  0.407946592 -0.292010912  0.248661536  0.342099136 0 0 0 0
 982144289  0.402927776 -0.304061120  0.249146592  0.333857376 0 0 0 0
 984128257  0.396760608 -0.316254208  0.249720256  0.325476864 0 0 0 0
 986112224  0.390579040 -0.328132896  0.249813184  0.317338496 0 0 0 0
 988096192  0.383129056 -0.339663104  0.248564080  0.309579328 0 0 0 0
 990080160  0.375693568 -0.350549408  0.248534144  0.301035808 0 0 0 0
 992064128  0.367194560 -0.361264672  0.246095488  0.294202752 0 0 0 0
 994048096  0.358863776 -0.370878656  0.244585760  0.286650816 0 0 0 0
 996032064  0.349010688 -0.380128160  0.242834640  0.279705312 0 0 0 0
 998016032  0.338138720 -0.390075296  0.239996816  0.272407264 0 0 0 0
1000000000  0.328370016 -0.398692288  0.229912656  0.269394368 0 0 0 0
