!File created by NanoVNA
# Hz S RI R 50
  10000000  0.999122432 -0.043461848
  11983968  0.996988992 -0.051789184
  13967936  0.996894400 -0.060545668
  15951904  0.995945024 -0.069056184
  17935872  0.995644736 -0.077433240
  19919840  0.994314176 -0.085470240
  21903808  0.993074816 -0.093967264
  23887776  0.991999360 -0.102640848
  25871743  0.990821888 -0.110847656
  27855711  0.989955456 -0.119636840
  29839679  0.988638016 -0.127675880
  31823647  0.986908224 -0.135726480
  33807615  0.985789312 -0.143583200
  35791583  0.984113280 -0.151740080
  37775551  0.982428224 -0.160052416
  39759519  0.980845696 -0.168458624
  41743487  0.979367744 -0.176975856
  43727455  0.977190592 -0.184879568
  45711423  0.976289920 -0.193867712
  47695391  0.973736896 -0.201821408
  49679359  0.972143744 -0.210420032
  51663327  0.969382336 -0.217415088
  53647295  0.967060416 -0.225834208
  55631263  0.964794304 -0.233476464
  57615230  0.962872128 -0.241735488
  59599198  0.960998592 -0.249854640
  61583166  0.957285248 -0.256804912
  63567134  0.955236352 -0.265928064
  65551102  0.952678272 -0.273956416
  67535070  0.950628352 -0.282045728
  69519038  0.947631808 -0.289667712
  71503006  0.944588480 -0.297591200
  73486974  0.941191424 -0.305524768
  75470942  0.937813632 -0.314286752
  77454910  0.935024064 -0.320651456
  79438878  0.932617600 -0.329078080
  81422846  0.928720704 -0.336256960
  83406814  0.925773760 -0.344971136
  85390782  0.922440000 -0.352197056
  87374750  0.919155904 -0.360169984
  89358717  0.915460800 -0.367931104
  91342685  0.911653376 -0.374706016
  93326653  0.908411712 -0.382709440
  95310621  0.904245568 -0.390066400
  97294589  0.900495424 -0.396945920
  99278557  0.896945664 -0.405196096
 101262525  0.893829056 -0.410842336
 103246493  0.889340416 -0.417875136
 105230461  0.885252864 -0.425078208
 107214429  0.881553920 -0.432340160
 109198397  0.877160256 -0.439809248
 111182365  0.873182208 -0.447140992
 113166333  0.868221632 -0.453674912
 115150301  0.864527680 -0.460884352
 117134269  0.859830208 -0.468228352
 119118236  0.854912704 -0.475131296
 121102204  0.849846016 -0.481838304
 123086172  0.845270016 -0.488988896
 125070140  0.840393920 -0.495644672
 127054108  0.836204928 -0.503146400
 129038076  0.831293376 -0.509869280
 131022044  0.826094528 -0.516402080
 133006012  0.822038720 -0.522856544
 134989980  0.816467904 -0.529705056
 136973948  0.811515520 -0.536550752
 138957916  0.805389632 -0.543198400
 140941884  0.800672512 -0.550047488
 142925852  0.794939392 -0.555588800
 144909820  0.789657920 -0.562853824
 146893788  0.783395456 -0.568231296
 148877756  0.777967552 -0.574279936
 150861723  0.772570816 -0.581526720
 152845691  0.766329856 -0.587291008
 154829659  0.761053056 -0.593615680
 156813627  0.755413632 -0.599896960
 158797595  0.749468992 -0.605542272
 160781563  0.743393792 -0.611743616
 162765531  0.737109888 -0.618192512
 164749499  0.731039360 -0.623612224
 166733467  0.725217280 -0.630188352
 168717435  0.718704896 -0.635479616
 170701403  0.713062720 -0.641719808
 172685371  0.705909760 -0.646212160
 174669339  0.699825728 -0.652622912
 176653307  0.693362176 -0.657362304
 178637275  0.686667200 -0.663033600
 180621242  0.679977856 -0.668996032
 182605210  0.673467456 -0.674251968
 184589178  0.666829120 -0.679117312
 186573146  0.660146048 -0.684348352
 188557114  0.653593856 -0.689645440
 190541082  0.645993728 -0.694910976
 192525050  0.639764992 -0.699923584
 194509018  0.633320128 -0.705275136
 196492986  0.625060160 -0.709238720
 198476954  0.619088384 -0.714775296
 200460922  0.611342016 -0.719192384
 202444890  0.604212544 -0.724674368
 204428858  0.596902208 -0.728695488
 206412826  0.589396672 -0.733573952
 208396794  0.582124096 -0.738328448
 210380762  0.574530240 -0.742559104
 212364729  0.566606848 -0.746387456
 214348697  0.559728832 -0.751002304
 216332665  0.552026240 -0.755632256
 218316633  0.543819712 -0.758976896
 220300601  0.536443936 -0.763232640
 222284569  0.528836832 -0.767631616
 224268537  0.521057312 -0.771229760
 226252505  0.514046720 -0.774489472
 228236473  0.505584960 -0.778842368
 230220441  0.496731520 -0.782135808
 232204409  0.489123456 -0.785547200
 234188377  0.481243008 -0.788673152
 236172345  0.473225280 -0.792447424
 238156313  0.465975264 -0.795578240
 240140281  0.456727744 -0.798254464
 242124248  0.448405792 -0.802615296
 244108216  0.440710176 -0.805497792
 246092184  0.432603904 -0.807816832
 248076152  0.424331360 -0.810714240
 250060120  0.416333536 -0.813262528
 252044088  0.406945856 -0.816666944
 254028056  0.399024928 -0.818996800
 256012024  0.390165184 -0.821822656
 257995992  0.381826688 -0.824241088
 259979960  0.372950336 -0.826057088
 261963928  0.365175680 -0.828156544
 263947896  0.357480192 -0.831031744
 265931864  0.347758816 -0.832323648
 267915832  0.338929024 -0.834861696
 269899800  0.331283424 -0.836669120
 271883768  0.321559296 -0.838867456
 273867735  0.313369920 -0.841196992
 275851703  0.303814464 -0.842323200
 277835671  0.294431104 -0.844256192
 279819639  0.286528544 -0.844819904
 281803607  0.276781440 -0.845748032
 283787575  0.268168992 -0.847497088
 285771543  0.259427696 -0.847922880
 287755511  0.250637568 -0.848935104
 289739479  0.242014912 -0.850120064
 291723447  0.232611152 -0.850733760
 293707415  0.223269840 -0.851983552
 295691383  0.214120304 -0.851921664
 297675351  0.204634016 -0.852507200
 299659319  0.196279296 -0.852860224
 301643287  0.187459184 -0.853446080
 303627255  0.178568096 -0.853251456
 305611222  0.169270464 -0.852825216
 307595190  0.159621104 -0.853534528
 309579158  0.150714512 -0.853735360
 311563126  0.141481520 -0.853032960
 313547094  0.131791848 -0.851122560
 315531062  0.122581280 -0.851224448
 317515030  0.113860480 -0.849903040
 319498998  0.104721640 -0.850276352
 321482966  0.096282456 -0.848674944
 323466934  0.087093696 -0.848263296
 325450902  0.078417016 -0.847324608
 327434870  0.069430840 -0.846143040
 329418838  0.059588696 -0.844098624
 331402806  0.050964804 -0.843664576
 333386774  0.041729688 -0.842190592
 335370741  0.031933930 -0.839615936
 337354709  0.023144996 -0.839122688
 339338677  0.013427232 -0.836411712
 341322645  0.005115760 -0.834956352
 343306613 -0.003990735 -0.831675392
 345290581 -0.013765824 -0.829099072
 347274549 -0.022070446 -0.827158528
 349258517 -0.030153168 -0.824413248
 351242485 -0.038745328 -0.821925952
 353226453 -0.047918780 -0.819171200
 355210421 -0.056887576 -0.815849984
 357194389 -0.065409436 -0.813638464
 359178357 -0.073530472 -0.811197632
 361162325 -0.081370008 -0.808151616
 363146293 -0.090115576 -0.805584896
 365130261 -0.098589528 -0.803056320
 367114228 -0.106960024 -0.799980672
 369098196 -0.115948048 -0.796727744
 371082164 -0.124432024 -0.792898112
 373066132 -0.133231360 -0.790372352
 375050100 -0.141315728 -0.786436032
 377034068 -0.149918336 -0.783186048
 379018036 -0.158834192 -0.779480960
 381002004 -0.167655568 -0.775986048
 382985972 -0.176397072 -0.772494464
 384969940 -0.185018656 -0.768465600
 386953908 -0.194054896 -0.764973248
 388937876 -0.202801776 -0.760066816
 390921844 -0.213022304 -0.755062144
 392905812 -0.221178496 -0.750829056
 394889780 -0.230347664 -0.746209536
 396873747 -0.239228976 -0.740790720
 398857715 -0.248359936 -0.735638976
 400841683 -0.258130784 -0.730483264
 402825651 -0.265666240 -0.723451072
 404809619 -0.274056256 -0.718194112
 406793587 -0.282840352 -0.711135872
 408777555 -0.291222976 -0.704332736
 410761523 -0.298952960 -0.698183616
 412745491 -0.306982016 -0.692025856
 414729459 -0.314899840 -0.685033088
 416713427 -0.322017984 -0.678182848
 418697395 -0.329707680 -0.670554944
 420681363 -0.336408416 -0.664128512
 422665331 -0.344479584 -0.656286976
 424649299 -0.351351104 -0.649564288
 426633267 -0.357864608 -0.642797312
 428617234 -0.365455648 -0.635437056
 430601202 -0.371966144 -0.627931072
 432585170 -0.379507872 -0.619617920
 434569138 -0.386081056 -0.611796608
 436553106 -0.392426656 -0.604638336
 438537074 -0.398783552 -0.596816896
 440521042 -0.405445920 -0.587893568
 442505010 -0.411454048 -0.580044416
 444488978 -0.417787776 -0.571887488
 446472946 -0.422388704 -0.563252608
 448456914 -0.429607840 -0.554990400
 450440882 -0.434702656 -0.547004352
 452424850 -0.440211040 -0.538118016
 454408818 -0.445883872 -0.529515104
 456392786 -0.450870272 -0.521663360
 458376754 -0.456299776 -0.512141824
 460360721 -0.461460544 -0.503286592
 462344689 -0.466639712 -0.494070432
 464328657 -0.471442752 -0.485022656
 466312625 -0.475708768 -0.476415936
 468296593 -0.480939808 -0.466184416
 470280561 -0.485434272 -0.457165376
 472264529 -0.489166752 -0.447878784
 474248497 -0.493478528 -0.438214304
 476232465 -0.497777472 -0.428629920
 478216433 -0.501631744 -0.418700352
 480200401 -0.505157536 -0.409386880
 482184369 -0.508508032 -0.399033600
 484168337 -0.512419392 -0.388992544
 486152305 -0.515460736 -0.379255936
 488136273 -0.518260192 -0.368310368
 490120240 -0.520926432 -0.358168352
 492104208 -0.523332544 -0.348172512
 494088176 -0.525893376 -0.337906080
 496072144 -0.528382592 -0.327514816
 498056112 -0.530154176 -0.317385696
 500040080 -0.532195872 -0.306651392
 502024048 -0.533594560 -0.296301408
 504008016 -0.535177184 -0.286266752
 505991984 -0.536538944 -0.275438688
 507975952 -0.537392832 -0.265543376
 509959920 -0.538629696 -0.254500000
 511943888 -0.539385088 -0.244110016
 513927856 -0.539483456 -0.233502864
 515911824 -0.540276352 -0.222610080
 517895792 -0.539978368 -0.211920320
 519879760 -0.539406912 -0.201738272
 521863727 -0.538609920 -0.191083696
 523847695 -0.537548224 -0.180806432
 525831663 -0.535884096 -0.170816704
 527815631 -0.535440992 -0.161239936
 529799599 -0.534349248 -0.151582592
 531783567 -0.533233472 -0.142184624
 533767535 -0.531821952 -0.132132144
 535751503 -0.530212160 -0.121996944
 537735471 -0.528356384 -0.113692736
 539719439 -0.526961216 -0.103960624
 541703407 -0.525927552 -0.094728328
 543687375 -0.524129856 -0.085188576
 545671343 -0.522370208 -0.074822152
 547655311 -0.520712256 -0.066514464
 549639279 -0.518446560 -0.056343268
 551623246 -0.515933408 -0.046979768
 553607214 -0.513876512 -0.037354064
 555591182 -0.511647776 -0.028184102
 557575150 -0.508522816 -0.017820708
 559559118 -0.505687840 -0.008024538
 561543086 -0.502354432  0.001222436
 563527054 -0.499767616  0.010673914
 565511022 -0.496113536  0.020609758
 567494990 -0.492248128  0.030804512
 569478958 -0.487925088  0.040038036
 571462926 -0.482982592  0.050148320
 573446894 -0.478052096  0.057956660
 575430862 -0.472778016  0.066531280
 577414830 -0.468293632  0.074137568
 579398798 -0.463860288  0.082279000
 581382766 -0.459526688  0.089449384
 583366733 -0.455653248  0.096841640
 585350701 -0.451764896  0.105464568
 587334669 -0.447964960  0.113802256
 589318637 -0.443833184  0.122488704
 591302605 -0.439446848  0.130327728
 593286573 -0.435536576  0.139308528
 595270541 -0.431240384  0.147871264
 597254509 -0.426582336  0.157347584
 599238477 -0.421455488  0.167194256
 601222445 -0.415860096  0.176651136
 603206413 -0.409728192  0.186325728
 605190381 -0.402790144  0.196055776
 607174349 -0.395472160  0.205565776
 609158317 -0.388040928  0.214152640
 611142285 -0.379543904  0.223123664
 613126253 -0.371852992  0.225177088
 615110220 -0.362816992  0.233812128
 617094188 -0.354427744  0.240868032
 619078156 -0.345574464  0.247802800
 621062124 -0.336658848  0.254224064
 623046092 -0.327349376  0.260875072
 625030060 -0.318132160  0.267179456
 627014028 -0.309438080  0.272496192
 628997996 -0.300139584  0.278310848
 630981964 -0.290914336  0.283395968
 632965932 -0.282296672  0.288729504
 634949900 -0.273160672  0.293509344
 636933868 -0.264029024  0.298371872
 638917836 -0.254544800  0.302892832
 640901804 -0.245637872  0.307551552
 642885772 -0.236360800  0.311388288
 644869739 -0.227100896  0.315518112
 646853707 -0.218172256  0.319621216
 648837675 -0.208605312  0.323680960
 650821643 -0.199291600  0.327493024
 652805611 -0.189774208  0.331142208
 654789579 -0.179168704  0.334351488
 656773547 -0.169247664  0.337692128
 658757515 -0.159193408  0.340304096
 660741483 -0.148972816  0.342902944
 662725451 -0.138620368  0.345252320
 664709419 -0.127764288  0.346956832
 666693387 -0.117790664  0.348915200
 668677355 -0.106892864  0.349943584
 670661323 -0.095970120  0.350645440
 672645291 -0.085492568  0.351028320
 674629259 -0.074716096  0.350935936
 676613226 -0.064055244  0.350203936
 678597194 -0.053656476  0.348846528
 680581162 -0.043579668  0.347490336
 682565130 -0.033920680  0.345337216
 684549098 -0.024765862  0.343171424
 686533066 -0.015757490  0.340803808
 688517034 -0.006912049  0.337810464
 690501002  0.001109143  0.335240160
 692484970  0.008864529  0.332461536
 694468938  0.016788268  0.329499584
 696452906  0.024620708  0.326988096
 698436874  0.032075208  0.323702368
 700420842  0.039320088  0.320649728
 702404810  0.046535364  0.316931328
 704388778  0.052744328  0.313030496
 706372745  0.059058080  0.309319360
 708356713  0.064528464  0.305410336
 710340681  0.069553136  0.301705088
 712324649  0.074790664  0.297914624
 714308617  0.078783416  0.294955776
 716292585  0.083362160  0.290853472
 718276553  0.086940616  0.287946176
 720260521  0.090146328  0.285646016
 722244489  0.092708416  0.283500288
 724228457  0.096266488  0.281222656
 726212425  0.098343712  0.281066336
 728196393  0.101190072  0.280422912
 730180361  0.104747328  0.281123776
 732164329  0.108955496  0.282182528
 734148297  0.113548128  0.282972736
 736132265  0.118951824  0.283345632
 738116232  0.124532952  0.283949824
 740100200  0.130517128  0.284756768
 742084168  0.136541776  0.285012256
 744068136  0.143267344  0.284634304
 746052104  0.149915008  0.284069152
 748036072  0.156492064  0.283831552
 750020040  0.164137232  0.283215904
 752004008  0.170897664  0.281467776
 753987976  0.177600320  0.280777024
 755971944  0.188504512  0.279031296
 757955912  0.191606224  0.276972768
 759939880  0.199145344  0.275035936
 761923848  0.206524800  0.273046560
 763907816  0.213656576  0.270891424
 765891784  0.220632944  0.268012400
 767875752  0.228196752  0.264603968
 769859719  0.234988080  0.261734752
 771843687  0.242097360  0.257819776
 773827655  0.248081520  0.254649936
 775811623  0.254790784  0.250860960
 777795591  0.260829808  0.246999632
 779779559  0.267004224  0.243728496
 781763527  0.272973600  0.239583232
 783747495  0.278923328  0.236666464
 785731463  0.285426912  0.233271824
 787715431  0.291951296  0.229858960
 789699399  0.299475840  0.226077344
 791683367  0.306186304  0.221540208
 793667335  0.312950688  0.217477104
 795651303  0.319943520  0.212771984
 797635271  0.326547328  0.207181520
 799619238  0.333061376  0.201978720
 801603206  0.339546368  0.196351248
 803587174  0.345890272  0.190147072
 805571142  0.351815296  0.184142720
 807555110  0.357693824  0.178089072
 809539078  0.363489760  0.171437776
 811523046  0.369193952  0.164839648
 813507014  0.374263616  0.158742704
 815490982  0.379060352  0.152121024
 817474950  0.383954368  0.145853200
 819458918  0.389365312  0.139276192
 821442886  0.394763424  0.131747600
 823426854  0.399699776  0.125128848
 825410822  0.404673504  0.118295896
 827394790  0.410113408  0.110878536
 829378758  0.415114432  0.102815112
 831362725  0.420757760  0.095373464
 833346693  0.425036608  0.085854488
 835330661  0.430017024  0.076811688
 837314629  0.433900320  0.066655220
 839298597  0.437502240  0.057626812
 841282565  0.441061920  0.047846404
 843266533  0.444591584  0.037717844
 845250501  0.446906176  0.027055790
 847234469  0.448734624  0.016024145
 849218437  0.450211392  0.005694314
 851202405  0.451213056 -0.005046878
 853186373  0.452365920 -0.016018291
 855170341  0.451934688 -0.027170150
 857154309  0.452069248 -0.037463936
 859138277  0.450554144 -0.049250172
 861122244  0.449008384 -0.061137284
 863106212  0.447167584 -0.071760664
 865090180  0.444239232 -0.082998136
 867074148  0.441339680 -0.094018848
 869058116  0.436942784 -0.105361136
 871042084  0.432790208 -0.115940448
 873026052  0.427790624 -0.126061824
 875010020  0.421905472 -0.136314432
 876993988  0.415831040 -0.145878256
 878977956  0.408370176 -0.156374000
 880961924  0.401148832 -0.165455568
 882945892  0.391911552 -0.174148160
 884929860  0.382940096 -0.183094096
 886913828  0.372480704 -0.190044208
 888897796  0.361711360 -0.197202944
 890881764  0.349030112 -0.202941008
 892865731  0.336513088 -0.207162720
 894849699  0.322812320 -0.210394528
 896833667  0.309598016 -0.210805216
 898817635  0.296422592 -0.210397264
 900801603  0.283494656 -0.207475904
 902785571  0.270846048 -0.203587056
 904769539  0.259532160 -0.197837184
 906753507  0.249427008 -0.190445968
 908737475  0.240357872 -0.181813008
 910721443  0.232375152 -0.172419392
 912705411  0.226403760 -0.160640496
 914689379  0.221931200 -0.149012848
 916673347  0.220303392 -0.135804208
 918657315  0.221094016 -0.123218184
 920641283  0.224274224 -0.110285320
 922625251  0.229571936 -0.098436896
 924609218  0.236996400 -0.087757704
 926593186  0.246309984 -0.078580808
 928577154  0.257209248 -0.070989288
 930561122  0.269034560 -0.065493964
 932545090  0.281898048 -0.061446212
 934529058  0.294826400 -0.059967924
 936513026  0.308422144 -0.060473420
 938496994  0.321222560 -0.062441932
 940480962  0.333608448 -0.066593504
 942464930  0.345393376 -0.071269368
 944448898  0.356595008 -0.078196312
 946432866  0.367323520 -0.085913448
 948416834  0.376548480 -0.095337720
 950400802  0.384746304 -0.104739520
 952384770  0.393042048 -0.114616464
 954368737  0.399640128 -0.126013520
 956352705  0.405972064 -0.137094736
 958336673  0.411226336 -0.149194736
 960320641  0.415349280 -0.160946928
 962304609  0.418460160 -0.174384400
 964288577  0.420478688 -0.187707968
 966272545  0.422570880 -0.199962864
 968256513  0.422332064 -0.213850288
 970240481  0.422454688 -0.226745744
 972224449  0.421640448 -0.239777776
 974208417  0.419650304 -0.252709264
 976192385  0.416439936 -0.266078528
 978176353  0.412564096 -0.279293952
 980160321  0.408248992 -0.291264672
 982144289  0.403207872 -0.303180448
 984128257  0.397550528 -0.315342976
 986112224  0.391638624 -0.327298240
 988096192  0.384425984 -0.338526912
 990080160  0.376574080 -0.349881248
 992064128  0.368692864 -0.360617920
 994048096  0.359213088 -0.371534400
 996032064  0.350698208 -0.379896096
 998016032  0.339506656 -0.390482304
1000000000  0.329872000 -0.398547872
